name = 'sulphur'
symbol = 'S'

mass = [(31.97207070, 95.02), (32.97145843, 0.75),
	(33.96786665, 4.21), (35.9670806, 0.02)]

color = 'yellow'

vdW_radius = 0.18

b_coherent = 2.847*fm
b_incoherent = 0.188*fm
b_coherent_deut = 2.847*fm
b_incoherent_deut = 0.188*fm
