name = 'hydrogen'
symbol = 'H'

mass = [(1.007825035, 99.985), (2.014101779, 0.015)]

color = 'white'

vdW_radius = 0.12

b_coherent = -3.741*fm
b_incoherent = 25.217*fm
b_coherent_deut = 6.674*fm
b_incoherent_deut = 4.022*fm
