name = 'lysine_calpha'
symbol = 'C'
mass = 129.182660
color = 'black'
vdW_radius = 0.17

b_coherent = 25.569308*fm
b_incoherent = 334.013000*fm
b_coherent_deut = 32.417635*fm
b_incoherent_deut = 58.478000*fm
