name = 'oxygen'
symbol = 'O'

mass = [(15.99491463, 99.762), (16.9991312, 0.038), (17.9991603, 0.200)]

color = 'red'

vdW_radius = 0.152

b_coherent = 5.805*fm
b_incoherent = 0.*fm
b_coherent_deut = 5.805*fm
b_incoherent_deut = 0.*fm
